<?xml version="1.0" encoding="UTF-8" standalone="no"?>
<!-- Created with Inkscape (http://www.inkscape.org/) -->

<svg
   width="77.674187mm"
   height="78.30751mm"
   viewBox="0 0 77.674187 78.30751"
   version="1.1"
   id="SVGRoot"
   xml:space="preserve"
   xmlns="http://www.w3.org/2000/svg"
   xmlns:svg="http://www.w3.org/2000/svg"><defs
     id="defs674" /><g
     id="layer1"
     transform="translate(-76.961019,-203.7246)"><g
       id="g1255"
       transform="matrix(1.2685848,0,0,1.1069337,38.577827,63.772486)"
       style="fill:#de9251;fill-opacity:1"><path
         style="fill:#de9251;fill-opacity:1;stroke-width:0.264583"
         d="m 39.371686,197.10487 c 9.349713,-0.0385 24.649244,-0.0385 33.998957,0 9.349714,0.0385 1.699948,0.0701 -16.999478,0.0701 -18.699427,0 -26.349192,-0.0315 -16.999479,-0.0701 z m 51.517297,-0.58396 c 0.576318,-0.63682 0.708385,-0.67927 0.510712,-0.16414 -0.07945,0.20704 -0.336923,0.45028 -0.572175,0.54056 -0.351398,0.13484 -0.340428,0.0677 0.06146,-0.37642 z m -46.73826,-19.77129 c 0.190996,-0.0764 0.419199,-0.067 0.507118,0.0209 0.08792,0.0879 -0.06835,0.15046 -0.347266,0.13897 -0.308224,-0.0127 -0.370919,-0.0754 -0.159852,-0.15985 z m 20.554817,-0.54518 c 0.14552,-0.13831 3.717395,-2.06501 7.937499,-4.28155 4.220104,-2.21654 7.759433,-4.11316 7.865176,-4.21471 0.105744,-0.10155 0.548603,-1.54285 0.984134,-3.20289 0.621083,-2.36729 0.725403,-3.1076 0.483687,-3.43253 -0.259514,-0.34885 -0.233981,-0.34674 0.161682,0.0134 0.448667,0.40837 0.432871,0.56913 -0.350195,3.56362 -0.451032,1.72478 -0.907116,3.21651 -1.013521,3.31497 -0.217924,0.20163 -10.631135,5.65159 -14.084087,7.37119 -1.236928,0.61599 -2.129896,1.00682 -1.984375,0.86852 z m -1.785938,-0.48375 c -0.989129,-0.53661 -0.92892,-0.76011 0.06615,-0.24554 0.436562,0.22575 0.79375,0.46694 0.79375,0.53596 0,0.17026 -0.02843,0.16066 -0.859896,-0.29042 z m -14.75052,-0.25038 c 0,-0.18967 7.432516,-3.87075 7.63108,-3.77942 0.09577,0.044 -1.582044,0.94032 -3.728476,1.99172 -2.146432,1.05139 -3.902604,1.85586 -3.902604,1.7877 z m -12.85743,-1.25193 -0.504028,-0.59531 0.595312,0.50402 c 0.559447,0.47367 0.715762,0.6866 0.504028,0.6866 -0.05021,0 -0.318097,-0.26789 -0.595312,-0.59531 z m 24.697534,-0.0852 c -0.989129,-0.53661 -0.928921,-0.76011 0.06614,-0.24554 0.436563,0.22575 0.79375,0.46694 0.79375,0.53596 0,0.17026 -0.02843,0.16066 -0.859895,-0.29042 z m -26.549617,-1.7669 -0.504028,-0.59531 0.595312,0.50403 c 0.559447,0.47366 0.715762,0.6866 0.504028,0.6866 -0.05021,0 -0.318097,-0.26789 -0.595312,-0.59532 z m 23.6392,0.1794 c -0.989129,-0.53661 -0.92892,-0.76011 0.06615,-0.24554 0.436562,0.22575 0.79375,0.46694 0.79375,0.53596 0,0.17026 -0.02843,0.16066 -0.859896,-0.29042 z m -24.540103,-1.43617 c -0.155761,-0.29104 -0.223671,-0.52916 -0.15091,-0.52916 0.07276,0 0.259732,0.23812 0.415493,0.52916 0.155761,0.29105 0.22367,0.52917 0.15091,0.52917 -0.07276,0 -0.259733,-0.23812 -0.415493,-0.52917 z m -1.157939,-2.25918 c -0.255317,-0.66535 -0.179999,-0.83703 0.131904,-0.30066 0.154434,0.26558 0.225054,0.5386 0.156932,0.60672 -0.06812,0.0681 -0.198098,-0.0696 -0.288836,-0.30606 z m -0.673257,-2.12849 c 0.0127,-0.30823 0.07539,-0.37092 0.159853,-0.15985 0.07643,0.19099 0.06703,0.4192 -0.02089,0.50712 -0.08792,0.0879 -0.150453,-0.0684 -0.138964,-0.34727 z m -0.233891,-1.30087 c 0.0054,-0.43656 0.06469,-0.58312 0.131774,-0.32569 0.06708,0.25743 0.06267,0.61462 -0.0098,0.79375 -0.07248,0.17913 -0.127363,-0.0315 -0.121971,-0.46806 z m -0.236877,-2.24896 c 0,-0.80036 0.0496,-1.12778 0.110223,-0.7276 0.06062,0.40018 0.06062,1.05503 0,1.45521 -0.06062,0.40018 -0.110223,0.0728 -0.110223,-0.72761 z m 0.203893,-2.13871 c 0.01023,-0.35168 0.126482,-0.87754 0.258342,-1.16858 0.167091,-0.3688 0.19091,-0.20844 0.0786,0.52917 -0.187055,1.22846 -0.363826,1.56392 -0.336938,0.63941 z m 0.510571,-1.92877 c 0,-0.28575 1.050981,-2.28252 1.201379,-2.28252 0.07276,0 -0.122888,0.50602 -0.434775,1.12448 -0.613347,1.21626 -0.766604,1.44777 -0.766604,1.15804 z m 43.508381,-2.69399 c -0.493189,-0.39512 -0.489945,-0.40001 0.08172,-0.12298 0.327422,0.15867 0.595313,0.34383 0.595313,0.41147 0,0.20246 -0.137216,0.144 -0.677033,-0.28849 z m -40.99484,-1.17603 c 0.716664,-0.7276 1.362556,-1.32291 1.435316,-1.32291 0.07276,0 -0.454069,0.59531 -1.170732,1.32291 -0.716664,0.72761 -1.362556,1.32292 -1.435316,1.32292 -0.07276,0 0.454069,-0.59531 1.170732,-1.32292 z m 38.878173,-0.14689 c -0.493189,-0.39512 -0.489945,-0.40001 0.08172,-0.12298 0.327422,0.15867 0.595312,0.34383 0.595312,0.41147 0,0.20247 -0.137215,0.144 -0.677034,-0.28849 z m -2.43182,-1.47105 c -0.901835,-0.57755 -1.193683,-0.9654 -0.396875,-0.52742 0.607068,0.33368 1.558086,1.0691 1.389063,1.07416 -0.07276,0.002 -0.519245,-0.24385 -0.992188,-0.54674 z m -32.146874,-1.20312 c 0.181901,-0.0734 0.479558,-0.0734 0.661459,0 0.181901,0.0734 0.03307,0.13345 -0.33073,0.13345 -0.363802,0 -0.51263,-0.06 -0.330729,-0.13345 z m 1.389063,-0.27884 c 2.435718,-0.90656 3.704166,-1.30127 3.704166,-1.15267 0,0.18603 -3.420273,1.35823 -3.855229,1.32127 -0.135197,-0.0115 -0.06722,-0.0874 0.151063,-0.1686 z m 27.847395,-0.37012 c -0.901835,-0.57755 -1.193684,-0.9654 -0.396875,-0.52742 0.607068,0.33368 1.558086,1.0691 1.389062,1.07415 -0.07276,0.002 -0.519245,-0.24385 -0.992187,-0.54673 z m -2.116667,-1.32292 c -0.901835,-0.57755 -1.193683,-0.9654 -0.396875,-0.52742 0.607068,0.33368 1.558086,1.0691 1.389063,1.07416 -0.07276,0.002 -0.519245,-0.24386 -0.992188,-0.54674 z m -20.982472,-0.96174 -0.911798,-0.99219 0.92989,0.85142 c 0.682806,0.62518 1.104625,0.81707 1.5875,0.72217 0.576943,-0.11339 0.592699,-0.0984 0.128443,0.12217 -0.76885,0.3653 -0.741605,0.37635 -1.734035,-0.70357 z m -3.618742,0.27966 c 0.257431,-0.0671 0.614619,-0.0627 0.79375,0.01 0.179132,0.0725 -0.03149,0.12736 -0.468056,0.12197 -0.436562,-0.005 -0.583125,-0.0647 -0.325694,-0.13178 z m 22.799701,-0.4927 c -0.493189,-0.39512 -0.489945,-0.40001 0.08172,-0.12298 0.327422,0.15867 0.595313,0.34383 0.595313,0.41147 0,0.20247 -0.137216,0.144 -0.677034,-0.28849 z m -1.322917,-0.79375 c -0.493189,-0.39512 -0.489945,-0.40001 0.08172,-0.12298 0.327422,0.15867 0.595312,0.34383 0.595312,0.41147 0,0.20247 -0.137215,0.144 -0.677034,-0.28849 z m -21.746402,-0.56466 c 0.254661,-0.0666 0.67138,-0.0666 0.926041,0 0.254662,0.0666 0.0463,0.121 -0.463021,0.121 -0.509323,0 -0.717682,-0.0545 -0.46302,-0.121 z m 16.536457,-1.31576 c 0.181901,-0.0734 0.479558,-0.0734 0.661459,0 0.181901,0.0734 0.03307,0.13345 -0.33073,0.13345 -0.363802,0 -0.51263,-0.06 -0.330729,-0.13345 z M 90.888983,127.1773 c -0.401891,-0.44408 -0.412861,-0.51126 -0.06146,-0.37641 0.235252,0.0903 0.492729,0.33352 0.572175,0.54055 0.197673,0.51513 0.06561,0.47269 -0.510712,-0.16414 z m -51.517297,-0.71618 c 9.349713,-0.0385 24.649244,-0.0385 33.998957,0 9.349714,0.0385 1.699948,0.0701 -16.999478,0.0701 -18.699427,0 -26.349192,-0.0315 -16.999479,-0.0701 z"
         id="path1269" /><path
         style="fill:#de9251;fill-opacity:1;stroke-width:0.264583"
         d="m 42.153449,176.7405 c 0.402183,-0.0608 0.997496,-0.0592 1.322917,0.004 0.325421,0.0628 -0.0036,0.11255 -0.731242,0.11057 -0.727604,-0.002 -0.993858,-0.0534 -0.591675,-0.11419 z m 22.684382,-0.94495 c 0,-0.0732 0.351713,-1.60351 0.781585,-3.40068 0.429871,-1.79718 0.697761,-3.34096 0.595312,-3.43064 -0.102449,-0.0897 -2.448459,-1.87086 -5.213355,-3.9582 -2.764896,-2.08734 -5.979583,-4.52898 -7.14375,-5.42586 -5.261608,-4.05357 -11.146756,-7.20223 -13.601316,-7.27695 -0.478509,-0.0146 -0.205725,-0.18568 0.901317,-0.56539 1.931793,-0.66259 1.877664,-0.61747 1.431325,-1.19327 -0.340219,-0.4389 -0.327494,-0.43848 0.195767,0.006 0.597489,0.50805 2.097719,0.38251 1.769782,-0.1481 -0.09424,-0.15248 -0.05059,-0.20261 0.09699,-0.1114 0.147586,0.0912 2.752403,-0.6643 5.788482,-1.67891 6.588146,-2.20166 8.331263,-2.36243 8.526798,-0.78642 0.04514,0.3638 0.313029,0.85914 0.595313,1.10074 0.282286,0.24161 0.513246,0.55515 0.513246,0.69675 0,0.1416 0.20836,0.33583 0.463021,0.43161 0.254662,0.0958 0.845032,0.38984 1.311934,0.65345 l 0.848913,0.47931 -5.280684,1.80785 c -2.904376,0.99432 -5.280683,1.94488 -5.280683,2.11235 0,0.16747 0.813228,0.86521 1.807175,1.55052 l 1.807173,1.24602 4.212098,-1.69442 c 2.316652,-0.93194 4.658579,-1.83963 5.204282,-2.01711 1.0697,-0.3479 1.173401,-0.51328 0.661459,-1.05487 -0.273204,-0.28903 -0.224587,-0.29523 0.279508,-0.0356 0.335629,0.17284 0.706456,0.57437 0.824058,0.89228 0.117602,0.31791 0.319246,0.57147 0.448096,0.56348 0.525118,-0.0326 1.878182,2.29201 2.087531,3.58641 0.111482,0.6893 0.755279,2.11667 0.954698,2.11667 0.151498,0 0.139507,0.21276 -0.02983,0.52916 -0.222755,0.41623 -0.201213,0.52917 0.100933,0.52917 0.211275,0 0.440008,-0.14883 0.508297,-0.33073 0.07264,-0.1935 0.233817,-0.0563 0.38845,0.33073 0.177893,0.44522 0.175525,0.77156 -0.0072,0.99824 -0.199549,0.24751 -0.171456,0.29839 0.105968,0.19193 0.249645,-0.0958 0.392176,0.0499 0.420825,0.43026 0.06085,0.80785 0.536197,1.23348 0.751361,0.67277 0.0931,-0.24261 0.282623,-0.44112 0.421164,-0.44112 0.138538,0 0.162478,0.14883 0.05319,0.33073 -0.115594,0.19241 0.0093,0.16475 0.298506,-0.0661 0.454316,-0.36265 0.481261,-0.3544 0.312372,0.0956 -0.137205,0.36558 -0.08526,0.45428 0.20157,0.34421 0.241189,-0.0926 0.337929,-0.022 0.257419,0.18784 -0.285491,0.74398 2.164945,0.1521 4.979701,-1.2028 2.446489,-1.17763 2.796313,-1.42461 2.528033,-1.78487 -0.279969,-0.37595 -0.266615,-0.37762 0.13244,-0.0165 0.413774,0.37443 0.389998,0.60667 -0.351398,3.43253 -0.437359,1.66702 -0.881716,3.11361 -0.98746,3.21466 -0.228809,0.21864 -14.537724,7.78736 -15.207363,8.04395 -0.254661,0.0976 -0.463021,0.11753 -0.463021,0.0443 z m 8.863542,-5.17039 6.349999,-3.35209 0.420706,-1.32292 c 0.734306,-2.30904 0.810152,-2.77993 0.444231,-2.75807 -0.184674,0.011 -3.247375,1.52908 -6.806002,3.37344 l -6.470231,3.35338 -0.297482,1.19062 c -0.59681,2.38864 -0.653865,2.91137 -0.315336,2.88907 0.178263,-0.0117 3.181615,-1.52978 6.674115,-3.37343 z m -2.337152,-7.32084 c 0,-0.21829 -0.09922,-0.39688 -0.220488,-0.39688 -0.264242,0 -0.290724,0.37073 -0.0441,0.61736 0.245248,0.24525 0.264584,0.22914 0.264584,-0.22048 z m -35.664304,11.04635 c -0.329108,-0.41965 -0.31975,-0.429 0.09989,-0.0999 0.254662,0.19972 0.463021,0.40808 0.463021,0.46302 0,0.21777 -0.217272,0.0776 -0.562915,-0.36312 z m 14.321248,-0.50226 c 0.509323,-0.55729 0.948108,-1.05648 0.975077,-1.10931 0.02697,-0.0528 0.289615,0.0725 0.583655,0.27841 0.50769,0.3556 0.458573,0.41148 -0.975077,1.10931 l -1.509697,0.73484 z m -16.04602,-1.08524 c -0.931762,-1.17208 -1.448167,-2.08188 -0.638259,-1.12448 0.83621,0.9885 1.65331,2.11667 1.533036,2.11667 -0.05831,0 -0.460964,-0.44649 -0.894777,-0.99219 z m -1.826069,-2.73657 c -0.232749,-0.45008 -0.376207,-0.86531 -0.318798,-0.92272 0.05741,-0.0574 0.302388,0.31084 0.544396,0.81834 0.544137,1.14107 0.355603,1.2283 -0.225598,0.10438 z m -0.882736,-2.11805 c -0.162346,-0.46571 -0.286785,-0.9778 -0.276531,-1.13799 0.01025,-0.16018 0.189321,0.17461 0.397927,0.74399 0.208606,0.56938 0.333045,1.08147 0.276531,1.13798 -0.05651,0.0565 -0.235581,-0.27828 -0.397927,-0.74398 z m -0.53887,-1.98045 c 0.0127,-0.30823 0.07539,-0.37092 0.159853,-0.15985 0.07643,0.19099 0.06703,0.4192 -0.02089,0.50712 -0.08792,0.0879 -0.150453,-0.0684 -0.138964,-0.34727 z m -0.200785,-2.75608 c 0,-0.94588 0.04802,-1.33283 0.106713,-0.85989 0.05869,0.47294 0.05869,1.24685 0,1.71979 -0.05869,0.47294 -0.106713,0.086 -0.106713,-0.8599 z m 41.761254,-0.52916 c 0,-0.36381 0.06006,-0.51263 0.133454,-0.33073 0.0734,0.1819 0.0734,0.47956 0,0.66146 -0.0734,0.1819 -0.133454,0.0331 -0.133454,-0.33073 z m 8.277024,-2.26356 c -0.493189,-0.39512 -0.489945,-0.40001 0.08172,-0.12298 0.327422,0.15867 0.595312,0.34383 0.595312,0.41147 0,0.20246 -0.137215,0.144 -0.677034,-0.28849 z m -3.439583,-2.11667 c -0.493189,-0.39512 -0.489945,-0.40001 0.08172,-0.12298 0.327422,0.15867 0.595312,0.34383 0.595312,0.41147 0,0.20247 -0.137215,0.144 -0.677034,-0.28849 z m -2.116667,-1.32291 c -0.493188,-0.39513 -0.489945,-0.40001 0.08172,-0.12298 0.327422,0.15867 0.595313,0.34383 0.595313,0.41147 0,0.20246 -0.137216,0.14399 -0.677035,-0.28849 z m -42.714631,-0.21759 c 0,-0.0549 0.20836,-0.2633 0.463021,-0.46302 0.419644,-0.32911 0.429002,-0.31975 0.09989,0.0999 -0.345644,0.44073 -0.562916,0.58089 -0.562916,0.36313 z m 41.076561,-0.7243 c -0.901834,-0.57755 -1.193683,-0.9654 -0.396875,-0.52742 0.607068,0.33368 1.558087,1.0691 1.389063,1.07416 -0.07276,0.002 -0.519245,-0.24385 -0.992188,-0.54674 z m -38.959894,-1.39237 c 0,-0.0549 0.208359,-0.2633 0.463021,-0.46302 0.419644,-0.32911 0.429002,-0.31975 0.09989,0.0999 -0.345643,0.44073 -0.562915,0.58088 -0.562915,0.36312 z m 36.364631,-0.31158 c -0.493189,-0.39512 -0.489945,-0.40001 0.08172,-0.12298 0.327422,0.15867 0.595312,0.34383 0.595312,0.41147 0,0.20247 -0.137215,0.144 -0.677034,-0.28849 z m -35.048241,-1.65134 0.127621,-1.24447 0.0898,1.02705 c 0.04939,0.56488 -0.008,1.12489 -0.127622,1.24447 -0.119578,0.11958 -0.159986,-0.3426 -0.08979,-1.02705 z m 32.616421,0.18029 c -0.901835,-0.57755 -1.193683,-0.9654 -0.396875,-0.52742 0.607068,0.33368 1.558087,1.0691 1.389063,1.07416 -0.07276,0.002 -0.519245,-0.24385 -0.992188,-0.54674 z m -30.900982,-0.25174 c -0.271479,-0.43927 -0.02781,-0.50018 0.35204,-0.088 0.187638,0.20361 0.224431,0.37019 0.08176,0.37019 -0.14267,0 -0.337881,-0.12698 -0.433801,-0.28218 z m 28.784316,-1.07117 c -0.901835,-0.57755 -1.193684,-0.9654 -0.396875,-0.52743 0.607068,0.33369 1.558086,1.06911 1.389062,1.07416 -0.07276,0.002 -0.519245,-0.24385 -0.992187,-0.54673 z m -2.595264,-1.70395 c -0.493188,-0.39513 -0.489945,-0.40001 0.08172,-0.12298 0.327422,0.15867 0.595313,0.34383 0.595313,0.41147 0,0.20246 -0.137216,0.14399 -0.677035,-0.28849 z m -27.104214,0.047 c 0,-0.0549 0.208359,-0.2633 0.46302,-0.46302 0.419644,-0.32911 0.429003,-0.31975 0.09989,0.0999 -0.345643,0.44073 -0.562915,0.58088 -0.562915,0.36312 z m 24.458381,-1.63449 c -0.493189,-0.39513 -0.489945,-0.40001 0.08172,-0.12298 0.327422,0.15867 0.595312,0.34383 0.595312,0.41147 0,0.20246 -0.137215,0.14399 -0.677034,-0.28849 z"
         id="path1267" /><path
         style="fill:#de9251;fill-opacity:1;stroke-width:0.264583"
         d="m 38.38171,175.87899 c -0.314313,-0.19872 -0.32778,-0.3164 -0.06614,-0.57803 0.261634,-0.26164 0.39585,-0.25598 0.659246,0.0278 0.267809,0.28853 0.259255,0.31551 -0.04496,0.14181 -0.279029,-0.15932 -0.332222,-0.10123 -0.206741,0.22577 0.195447,0.50933 0.184533,0.51516 -0.341397,0.18266 z m -2.150201,-1.30919 c -2.311424,-1.66525 -3.904428,-4.07853 -4.965951,-7.52304 -0.6768,-2.19613 -0.713948,-3.22949 -0.124231,-3.45578 0.593867,-0.22789 0.769104,0.0129 0.364312,0.50069 -0.260916,0.31439 -0.262904,0.40327 -0.009,0.40327 0.215808,0 0.269304,0.22455 0.158587,0.66569 -0.137746,0.54882 -0.04611,0.71168 0.521989,0.92767 0.378987,0.14409 0.639173,0.41008 0.578193,0.59108 -0.06098,0.18101 0.04409,0.44816 0.233501,0.59369 0.189406,0.14552 0.371962,0.77059 0.40568,1.38906 0.04071,0.74668 0.183254,1.12448 0.42428,1.12448 0.238533,0 0.307256,0.17556 0.200451,0.51207 -0.117576,0.37045 0.05386,0.67206 0.619843,1.09051 0.430303,0.31813 0.871747,0.53418 0.980986,0.48011 0.109239,-0.0541 0.33677,0.3184 0.505623,0.82772 0.225593,0.68048 0.521273,0.99071 1.115012,1.16989 0.602124,0.18172 0.808007,0.40205 0.808007,0.86472 0,0.34148 -0.08851,0.67558 -0.196688,0.74244 -0.108178,0.0668 -0.837435,-0.34006 -1.620573,-0.90427 z m 13.63537,-0.80639 c 0.53128,-0.65042 1.273561,-1.81128 1.649507,-2.57969 0.375949,-0.76841 0.723863,-1.39711 0.773142,-1.39711 0.04928,0 0.695391,0.35718 1.435804,0.79375 0.740412,0.43656 1.545963,0.79375 1.790115,0.79375 0.244152,0 -0.445696,0.42653 -1.532996,0.94786 -1.549035,0.74271 -2.075532,0.88638 -2.432571,0.66381 -0.374052,-0.23317 -0.652074,-0.0831 -1.552313,0.83808 l -1.096653,1.12212 z m 16.178587,-4.693 c -0.143584,-0.37708 -0.113194,-0.40747 0.148114,-0.14811 0.180822,0.17948 0.262115,0.39297 0.180652,0.47443 -0.08146,0.0815 -0.229407,-0.0654 -0.328766,-0.32632 z m -0.976802,-0.80516 c -0.329107,-0.41964 -0.319749,-0.429 0.0999,-0.0999 0.254662,0.19972 0.463021,0.40808 0.463021,0.46302 0,0.21776 -0.217273,0.0776 -0.562917,-0.36313 z m -1.058333,-0.79375 c -0.329107,-0.41964 -0.319749,-0.429 0.0999,-0.0999 0.254662,0.19972 0.463021,0.40808 0.463021,0.46302 0,0.21776 -0.217273,0.0776 -0.562917,-0.36313 z m -1.058333,-0.79375 c -0.329108,-0.41964 -0.319749,-0.429 0.0999,-0.0999 0.254661,0.19972 0.463021,0.40808 0.463021,0.46302 0,0.21776 -0.217274,0.0776 -0.562917,-0.36313 z m -1.686042,-1.28576 -1.058333,-0.94716 1.124479,0.84104 c 0.967817,0.72386 1.316927,1.0726 1.058333,1.05722 -0.03638,-0.002 -0.542395,-0.43016 -1.124479,-0.9511 z m -1.753542,-1.36007 c -0.329107,-0.41965 -0.319748,-0.429 0.0999,-0.0999 0.440729,0.34565 0.580887,0.56292 0.363124,0.56292 -0.05494,0 -0.2633,-0.20836 -0.463021,-0.46302 z m 14.694485,0.0323 c 0.08051,-0.2098 -0.01622,-0.2804 -0.257419,-0.18784 -0.286834,0.11007 -0.338775,0.0214 -0.20157,-0.34421 0.168889,-0.45 0.141944,-0.45825 -0.312372,-0.0956 -0.289256,0.23089 -0.4141,0.25855 -0.298506,0.0661 0.109284,-0.1819 0.08534,-0.33073 -0.05319,-0.33073 -0.138541,0 -0.328065,0.19851 -0.421164,0.44112 -0.215164,0.56071 -0.690507,0.13508 -0.751361,-0.67277 -0.02865,-0.38033 -0.17118,-0.52606 -0.420825,-0.43026 -0.277424,0.10646 -0.305517,0.0556 -0.105968,-0.19193 0.182766,-0.22668 0.185134,-0.55302 0.0072,-0.99824 -0.154633,-0.38701 -0.315809,-0.52423 -0.38845,-0.33073 -0.06829,0.1819 -0.297022,0.33073 -0.508297,0.33073 -0.302146,0 -0.323688,-0.11294 -0.100933,-0.52917 0.169336,-0.3164 0.181327,-0.52916 0.02983,-0.52916 -0.220337,0 -0.826574,-1.41282 -0.979371,-2.28239 -0.219975,-1.25188 -1.771803,-3.73705 -2.250834,-3.60459 -0.131572,0.0364 -0.239215,-0.1057 -0.239215,-0.31573 0,-0.45074 -1.044091,-1.24566 -1.370859,-1.0437 -0.219216,0.13548 -2.068724,-0.87045 -2.068724,-1.12516 0,-0.0695 0.137459,-0.0414 0.305464,0.0625 0.18497,0.11432 0.233812,0.0729 0.123817,-0.10512 -0.0999,-0.16165 -0.375957,-0.21935 -0.61345,-0.12821 -0.277087,0.10633 -0.367022,0.0609 -0.251005,-0.12684 0.129098,-0.20889 -0.06155,-0.22304 -0.666676,-0.0495 -0.466114,0.13368 -0.899178,0.19135 -0.962369,0.12816 -0.06319,-0.0632 0.199711,-0.19385 0.584222,-0.29036 l 0.699111,-0.17546 -0.866328,-0.48787 c -0.47648,-0.26833 -1.074687,-0.56624 -1.329349,-0.66202 -0.254661,-0.0958 -0.463021,-0.31022 -0.463021,-0.47652 0,-0.16631 -0.222583,-0.44138 -0.494628,-0.61127 -0.272044,-0.1699 -0.553757,-0.61822 -0.626025,-0.99627 -0.114588,-0.59943 -0.05976,-0.66604 0.42848,-0.52067 0.687638,0.20475 3.542194,1.92591 12.514801,7.54582 3.810313,2.38655 7.679844,4.80498 8.598958,5.37429 l 1.671122,1.03511 -2.910417,1.41314 c -2.881428,1.39907 -5.34258,2.00591 -5.050723,1.24534 z m -1.785506,-1.75213 c -0.0734,-0.1819 -0.133454,-0.0331 -0.133454,0.33073 0,0.3638 0.06006,0.51263 0.133454,0.33073 0.0734,-0.1819 0.0734,-0.47956 0,-0.66146 z m -13.967312,0.92604 c -0.329107,-0.41965 -0.319749,-0.429 0.0999,-0.0999 0.44073,0.34565 0.580888,0.56292 0.363125,0.56292 -0.05494,0 -0.2633,-0.20836 -0.463021,-0.46302 z m 12.645556,0.28663 c -0.246628,-0.24663 -0.220146,-0.61736 0.0441,-0.61736 0.121269,0 0.220488,0.17859 0.220488,0.39688 0,0.44962 -0.01934,0.46573 -0.264584,0.22048 z M 30.706582,162.8633 c 0,-0.31529 0.08282,-0.49044 0.184047,-0.38921 0.285965,0.28596 0.326118,0.96248 0.05712,0.96248 -0.132644,0 -0.241172,-0.25797 -0.241172,-0.57327 z m 24.307916,-2.271 c -0.329107,-0.41965 -0.319749,-0.42901 0.0999,-0.0999 0.254662,0.19972 0.463021,0.40808 0.463021,0.46302 0,0.21776 -0.217273,0.0776 -0.562917,-0.36312 z m -3.175,-2.38125 c -0.329107,-0.41965 -0.319749,-0.42901 0.0999,-0.0999 0.44073,0.34564 0.580888,0.56292 0.363125,0.56292 -0.05494,0 -0.2633,-0.20836 -0.463021,-0.46302 z m 2.547292,-1.27995 -0.79375,-0.68202 0.859896,0.56905 c 0.472942,0.31298 0.859896,0.62048 0.859896,0.68333 0,0.19805 -0.112044,0.12904 -0.926042,-0.57036 z m 2.248958,0.42005 c 0.218281,-0.14106 0.515938,-0.25648 0.661458,-0.25648 0.145521,0 0.08599,0.11542 -0.132291,0.25648 -0.218281,0.14107 -0.515938,0.25648 -0.661458,0.25648 -0.145521,0 -0.08599,-0.11541 0.132291,-0.25648 z m 1.322917,-0.52917 c 0.218281,-0.14106 0.515937,-0.25648 0.661458,-0.25648 0.145521,0 0.08599,0.11542 -0.132292,0.25648 -0.218281,0.14107 -0.515937,0.25648 -0.661458,0.25648 -0.145521,0 -0.08599,-0.11541 0.132292,-0.25648 z m -5.291667,-1.08197 c -0.569851,-0.46611 -0.581051,-0.50174 -0.08088,-0.25728 0.319318,0.15607 0.653764,0.40219 0.743217,0.54693 0.238808,0.38639 0.07843,0.31626 -0.662337,-0.28965 z m 7.14375,0.28822 c 0.218281,-0.14106 0.515938,-0.25648 0.661458,-0.25648 0.145521,0 0.08599,0.11542 -0.132291,0.25648 -0.218282,0.14107 -0.515938,0.25648 -0.661459,0.25648 -0.14552,0 -0.08599,-0.11541 0.132292,-0.25648 z m -26.193749,-0.66145 c 0.341774,-0.36381 0.680939,-0.66146 0.753699,-0.66146 0.07276,0 -0.147342,0.29765 -0.489116,0.66146 -0.341774,0.3638 -0.680939,0.66145 -0.753699,0.66145 -0.07276,0 0.147342,-0.29765 0.489116,-0.66145 z m 27.516666,0.13229 c 0.218281,-0.14107 0.515937,-0.25648 0.661458,-0.25648 0.145521,0 0.08599,0.11541 -0.132292,0.25648 -0.218281,0.14106 -0.515937,0.25648 -0.661458,0.25648 -0.145521,0 -0.08599,-0.11542 0.132292,-0.25648 z M 65.780883,153.46 c -0.143584,-0.37709 -0.113194,-0.40748 0.148114,-0.14812 0.180821,0.17948 0.262114,0.39297 0.180652,0.47444 -0.08146,0.0815 -0.229407,-0.0654 -0.328766,-0.32632 z m -25.069744,-1.05205 c 0.190996,-0.0764 0.4192,-0.067 0.507118,0.0209 0.08792,0.0879 -0.06835,0.15045 -0.347265,0.13896 -0.308225,-0.0127 -0.37092,-0.0754 -0.159853,-0.15985 z m 3.067179,-2.79582 -0.504028,-0.59531 0.595313,0.50402 c 0.559447,0.47367 0.715761,0.6866 0.504028,0.6866 -0.05021,0 -0.318097,-0.26789 -0.595313,-0.59531 z m -3.348298,-0.10908 c 0.181901,-0.0734 0.479557,-0.0734 0.661458,0 0.181901,0.0734 0.03307,0.13345 -0.330729,0.13345 -0.363802,0 -0.51263,-0.0601 -0.330729,-0.13345 z"
         id="path1265" /><path
         style="fill:#de9251;fill-opacity:1;stroke-width:0.264583"
         d="m 39.855913,176.31218 c -0.57042,-0.1721 -1.091882,-0.47718 -1.158804,-0.67795 -0.08262,-0.24785 -0.0045,-0.29828 0.243377,-0.15709 0.289154,0.1647 0.298623,0.13618 0.04554,-0.13717 -0.246136,-0.26585 -0.405373,-0.27385 -0.693361,-0.0348 -0.309301,0.2567 -0.358846,0.18144 -0.286969,-0.43589 0.07425,-0.63775 -0.0337,-0.78248 -0.743031,-0.99616 -0.617098,-0.18591 -0.908632,-0.48748 -1.136913,-1.17606 -0.168853,-0.50932 -0.396384,-0.88179 -0.505623,-0.82772 -0.109239,0.0541 -0.550683,-0.16198 -0.980986,-0.48011 -0.565985,-0.41845 -0.737419,-0.72006 -0.619843,-1.09051 0.106805,-0.33651 0.03808,-0.51207 -0.200451,-0.51207 -0.241026,0 -0.383573,-0.3778 -0.42428,-1.12448 -0.03372,-0.61847 -0.216274,-1.24354 -0.40568,-1.38906 -0.189407,-0.14553 -0.294483,-0.41268 -0.233501,-0.59369 0.06098,-0.181 -0.199206,-0.44699 -0.578193,-0.59108 -0.568096,-0.21599 -0.659735,-0.37885 -0.521989,-0.92767 0.114735,-0.45714 0.05862,-0.66569 -0.179106,-0.66569 -0.269254,0 -0.275628,-0.0706 -0.02868,-0.3175 0.502595,-0.50259 0.370815,-0.79149 -0.277813,-0.60904 -0.327422,0.0921 -0.472266,0.0704 -0.321877,-0.0483 0.30321,-0.23927 0.306586,-0.52696 0.01394,-1.18763 -0.456227,-1.02996 1.203859,-5.38504 2.409358,-6.32072 0.444007,-0.34463 0.443237,-0.33009 -0.01075,0.20294 -0.423463,0.4972 -0.447312,0.70052 -0.177918,1.5168 0.171103,0.51844 0.427952,0.94263 0.570775,0.94263 0.142824,0 0.180282,0.12847 0.08324,0.28548 -0.09704,0.15702 -0.03294,0.79802 0.142449,1.42445 0.240344,0.85843 0.244582,1.2778 0.0172,1.70267 -0.165927,0.31003 -0.189431,0.53224 -0.05223,0.49378 0.137201,-0.0385 0.231596,0.007 0.209768,0.10073 -0.02183,0.0939 0.154161,0.39152 0.391087,0.66146 0.236926,0.26994 0.385395,0.76594 0.329931,1.10222 -0.05904,0.35796 0.0079,0.54421 0.161508,0.44928 0.150566,-0.0931 0.195577,0.0119 0.105638,0.24625 -0.09296,0.24224 0.01913,0.47586 0.275499,0.57424 0.272295,0.10449 0.376056,0.34278 0.280438,0.64405 -0.0884,0.27852 0.01094,0.56926 0.237904,0.69627 0.378598,0.21188 0.427266,0.31325 0.427266,0.88997 0,0.15868 0.156126,0.1307 0.369105,-0.0662 0.203007,-0.18764 0.314484,-0.43136 0.247727,-0.54161 -0.06676,-0.11024 0.206629,-0.051 0.607525,0.13167 0.497963,0.22689 0.59702,0.35751 0.312651,0.41227 -0.343823,0.0662 -0.364134,0.19294 -0.116733,0.72834 0.17528,0.37931 0.450547,0.59138 0.663628,0.51127 0.286758,-0.10782 0.2776,-0.005 -0.0431,0.48458 -0.232835,0.35535 -0.317496,0.76666 -0.197702,0.96049 0.167878,0.27163 0.238164,0.26733 0.353689,-0.0217 0.119354,-0.29857 0.190193,-0.29451 0.411445,0.0236 0.146998,0.21134 0.197198,0.49762 0.111555,0.6362 -0.08564,0.13857 -0.0271,0.17246 0.130097,0.0753 0.158758,-0.0981 0.617992,0.29165 1.033068,0.87679 0.525238,0.74045 0.884825,1.01132 1.210277,0.91169 0.254662,-0.078 0.463021,-0.0433 0.463021,0.077 0,0.12032 0.254081,0.37744 0.564626,0.57138 0.465712,0.29084 0.602271,0.2917 0.779517,0.005 0.167662,-0.27129 0.253315,-0.24757 0.389723,0.1079 0.09616,0.25059 0.407245,0.45561 0.691306,0.45561 0.284061,0 0.441689,0.121 0.350286,0.2689 -0.0914,0.14789 -0.30679,0.18822 -0.478636,0.0896 -0.171846,-0.0986 -0.04456,0.11549 0.282865,0.47575 1.132995,1.24665 0.844372,1.54944 -1.455208,1.52664 -1.127786,-0.0112 -2.517228,-0.16115 -3.087648,-0.33326 z m 9.371502,-2.15995 c 0.493654,-0.50932 0.957085,-0.92604 1.029846,-0.92604 0.07276,0 -0.271608,0.41672 -0.765263,0.92604 -0.493654,0.50933 -0.957086,0.92604 -1.029846,0.92604 -0.07276,0 0.271609,-0.41671 0.765263,-0.92604 z m 5.425831,-3.03968 c -0.09269,-0.14998 0.01352,-0.19433 0.248968,-0.10398 0.45837,0.17589 0.542235,0.36554 0.16165,0.36554 -0.136933,0 -0.321712,-0.1177 -0.410618,-0.26156 z m -2.371822,-15.85974 c -0.175943,-0.28468 0.341915,-0.67931 0.579567,-0.44166 0.08733,0.0873 0.01286,0.15879 -0.16551,0.15879 -0.178364,0 -0.250712,0.11906 -0.160774,0.26458 0.08994,0.14552 0.103989,0.26459 0.03123,0.26459 -0.07276,0 -0.200789,-0.11084 -0.284511,-0.2463 z M 65.5163,153.46 c -0.143584,-0.37709 -0.113194,-0.40748 0.148113,-0.14812 0.180822,0.17948 0.262115,0.39297 0.180653,0.47444 -0.08146,0.0815 -0.229407,-0.0654 -0.328766,-0.32632 z m -25.88003,-1.04654 c 0.181901,-0.0734 0.479557,-0.0734 0.661458,0 0.181901,0.0734 0.03307,0.13345 -0.330729,0.13345 -0.363802,0 -0.51263,-0.06 -0.330729,-0.13345 z m 3.004918,-2.04354 c -0.334237,-0.35578 -0.894069,-0.71875 -1.244071,-0.80659 -0.350003,-0.0879 -0.636368,-0.26801 -0.636368,-0.40037 0,-0.13235 -0.187099,-0.42774 -0.415774,-0.65641 -0.377976,-0.37798 -0.359936,-0.41525 0.198437,-0.40997 0.708662,0.007 2.717212,0.86689 2.966662,1.27051 0.09283,0.1502 -0.08436,0.35343 -0.393736,0.45162 -0.499148,0.15842 -0.51796,0.22309 -0.167002,0.57404 0.311654,0.31166 0.51425,0.33197 0.955545,0.0958 0.369412,-0.1977 0.560034,-0.20649 0.560034,-0.0258 0,0.15065 -0.109325,0.2739 -0.242944,0.2739 -0.133618,0 -0.407224,0.063 -0.608011,0.14009 -0.200788,0.0771 -0.638535,-0.15101 -0.972772,-0.50678 z"
         id="path1263" /><path
         style="fill:#de9251;fill-opacity:1;stroke-width:0.264583"
         d="m 44.994082,176.08751 c 0,-0.17252 -0.267891,-0.60843 -0.595313,-0.9687 -0.327421,-0.36027 -0.454711,-0.57436 -0.282865,-0.47576 0.171846,0.0986 0.387232,0.0583 0.478636,-0.0896 0.0914,-0.14789 -0.06623,-0.2689 -0.350286,-0.2689 -0.284061,0 -0.595148,-0.20502 -0.691306,-0.4556 -0.136408,-0.35548 -0.222061,-0.37919 -0.389723,-0.10791 -0.177246,0.28679 -0.313805,0.28593 -0.779517,-0.005 -0.310545,-0.19393 -0.564626,-0.45105 -0.564626,-0.57137 0,-0.12033 -0.208359,-0.15498 -0.463021,-0.077 -0.325452,0.0996 -0.685039,-0.17124 -1.210277,-0.91169 -0.415076,-0.58514 -0.87431,-0.97491 -1.033068,-0.87679 -0.157196,0.0971 -0.21574,0.0633 -0.130097,-0.0753 0.08564,-0.13858 0.04451,-0.42486 -0.09141,-0.6362 -0.206595,-0.32122 -0.285265,-0.32509 -0.47968,-0.0236 -0.19634,0.3045 -0.251745,0.3045 -0.355777,0 -0.06777,-0.19837 0.0519,-0.63059 0.265938,-0.96049 0.316028,-0.4871 0.320735,-0.57409 0.02505,-0.46291 -0.213081,0.0801 -0.488349,-0.13196 -0.663628,-0.51127 -0.247401,-0.5354 -0.22709,-0.66213 0.116733,-0.72834 0.284369,-0.0548 0.185312,-0.18538 -0.312652,-0.41227 -0.400895,-0.18266 -0.674281,-0.24191 -0.607524,-0.13167 0.06676,0.11025 -0.04472,0.35397 -0.247728,0.54161 -0.330907,0.30586 -0.424817,0.20158 -0.345397,-0.38352 0.01304,-0.0961 -0.170774,-0.28349 -0.408473,-0.41651 -0.262866,-0.14711 -0.372719,-0.42921 -0.280404,-0.72006 0.09562,-0.30127 -0.0081,-0.53956 -0.280438,-0.64405 -0.256373,-0.0984 -0.368456,-0.332 -0.275499,-0.57424 0.08994,-0.23438 0.04493,-0.3393 -0.105638,-0.24625 -0.153596,0.0949 -0.220547,-0.0913 -0.161508,-0.44928 0.05546,-0.33628 -0.05476,-0.79001 -0.244932,-1.00829 -0.190176,-0.21828 -0.384024,-0.51594 -0.430774,-0.66146 -0.04675,-0.14552 -0.179395,-0.23312 -0.294768,-0.19466 -0.115372,0.0385 -0.07401,-0.18375 0.09192,-0.49378 0.227378,-0.42487 0.223141,-0.84424 -0.0172,-1.70267 -0.175389,-0.62643 -0.239491,-1.26743 -0.142449,-1.42445 0.09704,-0.15701 0.05958,-0.28548 -0.08324,-0.28548 -0.142824,0 -0.39546,-0.41142 -0.561413,-0.91426 -0.266989,-0.80899 -0.231877,-1.00875 0.304924,-1.73481 0.578905,-0.78301 2.624209,-2.52758 2.246171,-1.9159 -0.21233,0.34355 0.667534,0.72606 1.909861,0.83028 0.258977,0.0217 0.318651,0.25627 0.207104,0.81401 -0.08618,0.43092 -0.03576,0.85824 0.112066,0.9496 0.165854,0.1025 0.175738,0.28372 0.02582,0.47328 -0.133622,0.16894 -0.383918,0.74504 -0.556214,1.28021 -0.248523,0.77195 -0.241979,1.08803 0.03166,1.52943 0.289809,0.46747 0.281508,0.59673 -0.05195,0.80885 -0.27834,0.17705 -0.295316,0.25366 -0.05684,0.25651 0.187021,0.002 0.624978,-0.18265 0.973238,-0.41084 0.589966,-0.38656 0.652559,-0.37872 0.916733,0.1149 0.155943,0.29138 0.291901,0.74597 0.302129,1.0102 0.01668,0.43081 0.04207,0.42578 0.245987,-0.0487 0.216971,-0.50492 0.228242,-0.50189 0.245987,0.0661 0.02203,0.70539 1.076929,1.92115 1.076929,1.24116 0,-0.22687 0.121005,-0.33771 0.2689,-0.2463 0.147894,0.0914 0.200399,0.27702 0.116676,0.41249 -0.08372,0.13546 -0.01911,0.2463 0.143591,0.2463 0.162697,0 0.221028,0.121 0.129624,0.2689 -0.0914,0.14789 -0.29542,0.18902 -0.45337,0.0914 -0.171405,-0.10594 -0.211072,-0.0543 -0.09839,0.12797 0.103833,0.16801 0.309327,0.30547 0.456655,0.30547 0.382599,0 1.03059,0.69878 0.832075,0.8973 -0.0916,0.0916 0.18196,0.12114 0.607912,0.0657 0.425951,-0.0555 0.625629,-0.048 0.443728,0.0166 -0.517078,0.18376 -0.388722,1.00419 0.243918,1.55908 0.316055,0.27722 0.478076,0.33976 0.360046,0.13898 -0.147562,-0.25102 -0.09978,-0.32599 0.152957,-0.23999 0.210059,0.0715 0.329535,0.38468 0.278824,0.73094 -0.07691,0.52513 0.0033,0.5883 0.601627,0.47392 0.934733,-0.17869 1.080431,0.17603 0.35287,0.85909 -0.38172,0.35838 -0.456301,0.53316 -0.204305,0.4788 0.277532,-0.0599 0.371983,0.0934 0.314098,0.50969 -0.0741,0.5329 0.168909,0.72401 0.80086,0.62982 0.103903,-0.0155 0.13016,0.12495 0.05835,0.31209 -0.07181,0.18714 0.18693,0.6322 0.574984,0.98902 0.482317,0.44349 0.7429,0.54412 0.823596,0.31803 0.07223,-0.20238 0.611904,-0.33073 1.390605,-0.33073 1.808835,0 1.886172,0.50217 0.334185,2.1699 -1.590085,1.70869 -4.561258,3.19316 -4.561258,2.27892 z m -4.497917,-12.91549 c 0,-0.14552 -0.0525,-0.26458 -0.116676,-0.26458 -0.06417,0 -0.190262,0.11906 -0.280199,0.26458 -0.08994,0.14552 -0.03743,0.26459 0.116677,0.26459 0.154109,0 0.280198,-0.11907 0.280198,-0.26459 z m -1.5875,-2.24895 c 0,-0.21829 -0.04679,-0.39688 -0.103984,-0.39688 -0.05719,0 -0.172517,0.17859 -0.256279,0.39688 -0.08376,0.21828 -0.03697,0.39687 0.103984,0.39687 0.140954,0 0.256279,-0.17859 0.256279,-0.39687 z m 28.045833,12.58332 c 0,-0.13693 0.107884,-0.31565 0.239744,-0.39714 0.13186,-0.0815 0.188947,-0.41594 0.12686,-0.74322 -0.08611,-0.4539 -0.06401,-0.48608 0.09316,-0.13569 0.19513,0.43502 0.247973,0.43444 0.997617,-0.0109 0.495861,-0.2946 1.072039,-0.41679 1.542325,-0.32706 0.705339,0.13456 0.645022,0.19524 -0.997196,1.00312 -1.924995,0.94699 -2.002512,0.97063 -2.002512,0.61092 z m -6.828221,-18.08387 c 0.767419,-0.71498 0.828667,-1.43541 0.218424,-2.56925 -0.326303,-0.60627 -0.319278,-0.63116 0.08419,-0.29833 0.37392,0.30846 0.440192,0.30723 0.440192,-0.008 0,-0.20419 0.327422,-0.49413 0.727605,-0.6443 l 0.727604,-0.27305 0.01172,1.65362 c 0.009,1.26971 -0.08315,1.68152 -0.396875,1.77377 -0.224724,0.0661 -0.884841,0.32474 -1.466924,0.57478 l -1.058334,0.45462 0.712404,-0.66372 z m -17.230395,-5.06054 c -0.248945,-0.29996 -0.197362,-0.41066 0.25882,-0.55545 0.729076,-0.2314 1.354439,0.30855 0.778835,0.67246 -0.532788,0.33684 -0.674233,0.32089 -1.037655,-0.11701 z m -6.103883,-0.51902 c 0,-0.0549 0.208359,-0.2633 0.463021,-0.46302 0.419644,-0.32911 0.429002,-0.31975 0.09989,0.0999 -0.345643,0.44073 -0.562915,0.58088 -0.562915,0.36312 z m 2.017064,-0.57178 c -0.242573,-0.63214 0.03022,-0.91582 0.88066,-0.91582 0.451467,0 0.816209,0.17298 0.916655,0.43474 0.203584,0.53053 0.21438,0.52062 -0.80427,0.73863 -0.632536,0.13537 -0.865446,0.075 -0.993045,-0.25755 z"
         id="path1261" /><path
         style="fill:#de9251;fill-opacity:1;stroke-width:0.264583"
         d="m 64.036419,175.86635 c -0.327401,-0.20314 -0.292018,-0.33742 0.222782,-0.84551 l 0.611994,-0.60402 -0.186195,0.79375 c -0.231841,0.98834 -0.186486,0.94248 -0.648581,0.65578 z m 3.545337,-4.40847 0.258146,-1.4242 4.341236,-2.27058 c 2.387679,-1.24882 4.554336,-2.32631 4.814789,-2.39442 0.443939,-0.11609 2.393987,1.30939 2.393987,1.74999 0,0.10322 -1.963285,1.23108 -4.362857,2.50637 -3.076419,1.635 -4.581943,2.29571 -5.105866,2.24076 -0.408654,-0.0429 -1.160288,0.16826 -1.670296,0.46918 l -0.927285,0.54711 z m -20.71719,0.0681 c -0.331654,-0.35304 -0.522152,-0.7727 -0.423329,-0.9326 0.09882,-0.1599 0.08153,-0.27368 -0.03843,-0.25284 -0.649242,0.11278 -0.905349,-0.0785 -0.830048,-0.62009 0.05788,-0.4163 -0.03657,-0.56956 -0.314098,-0.50969 -0.251996,0.0544 -0.177415,-0.12042 0.204305,-0.47879 0.727561,-0.68307 0.581863,-1.03779 -0.35287,-0.8591 -0.598344,0.11438 -0.678534,0.0512 -0.601627,-0.47391 0.05071,-0.34626 -0.06876,-0.65947 -0.278824,-0.73095 -0.252738,-0.086 -0.300519,-0.011 -0.152957,0.23999 0.11803,0.20078 -0.04399,0.13824 -0.360046,-0.13897 -0.63264,-0.5549 -0.760996,-1.37532 -0.243918,-1.55909 0.181901,-0.0646 -0.01778,-0.0721 -0.443728,-0.0166 -0.425952,0.0555 -0.699512,0.026 -0.607912,-0.0657 0.198515,-0.19852 -0.449476,-0.8973 -0.832075,-0.8973 -0.147328,0 -0.352822,-0.13746 -0.456655,-0.30547 -0.112677,-0.18231 -0.07301,-0.23391 0.09839,-0.12797 0.15795,0.0976 0.361966,0.0565 0.45337,-0.0914 0.0914,-0.1479 0.03307,-0.2689 -0.129624,-0.2689 -0.162698,0 -0.227313,-0.11084 -0.143591,-0.2463 0.08372,-0.13547 0.03122,-0.32109 -0.116677,-0.41249 -0.147894,-0.0914 -0.268899,0.0194 -0.268899,0.2463 0,0.67999 -1.054895,-0.53577 -1.07693,-1.24116 -0.01774,-0.56803 -0.02902,-0.57106 -0.245987,-0.0661 -0.203914,0.47453 -0.22931,0.47956 -0.245987,0.0487 -0.01023,-0.26423 -0.146186,-0.71882 -0.302129,-1.0102 -0.264174,-0.49362 -0.326766,-0.50146 -0.916732,-0.1149 -0.34826,0.22819 -0.786218,0.41306 -0.973239,0.41084 -0.238478,-0.003 -0.221503,-0.0795 0.05684,-0.25651 0.333455,-0.21212 0.341756,-0.34138 0.05195,-0.80885 -0.273645,-0.4414 -0.280189,-0.75748 -0.03166,-1.52943 0.172295,-0.53517 0.422592,-1.11127 0.556214,-1.28021 0.149924,-0.18956 0.140039,-0.37078 -0.02582,-0.47328 -0.147821,-0.0914 -0.198251,-0.51868 -0.112067,-0.9496 0.111548,-0.55774 0.05187,-0.79228 -0.207104,-0.81401 -1.133626,-0.0951 -2.125865,-0.48078 -1.953677,-0.75939 0.209156,-0.33842 2.289805,-1.29476 3.222971,-1.4814 2.069734,-0.41394 6.588532,1.45149 11.52984,4.75971 3.04986,2.04188 15.606122,11.67523 15.76484,12.09501 0.169111,0.44726 -0.210179,0.22487 -1.731544,-1.01526 -4.683294,-3.81757 -5.683284,-4.57228 -5.889458,-4.44486 -0.124963,0.0772 -0.267137,0.0259 -0.315947,-0.11409 -0.12971,-0.37201 -2.128327,0.13609 -2.492079,0.63355 -0.16546,0.22628 -0.386164,0.41142 -0.490458,0.41142 -0.328403,0 -1.808781,1.60333 -1.638033,1.77408 0.08956,0.0896 -0.07495,0.32938 -0.36558,0.53294 -0.411398,0.28816 -0.469908,0.47944 -0.26422,0.86377 0.145306,0.27151 0.240016,0.78578 0.210468,1.14284 -0.04531,0.54746 -0.12613,0.60396 -0.515816,0.3606 -0.254146,-0.15872 -0.497266,-0.23355 -0.540263,-0.1663 -0.043,0.0673 -0.370735,0.70313 -0.7283,1.41306 -0.357569,0.70993 -0.694913,1.15641 -0.749655,0.99218 -0.123256,-0.36977 -2.701266,-0.40222 -2.701266,-0.034 0,0.44459 -0.4063,0.29719 -1.039932,-0.37728 z m -6.765276,-8.35397 c 0.08994,-0.14552 0.216026,-0.26458 0.280199,-0.26458 0.06417,0 0.116676,0.11906 0.116676,0.26458 0,0.14552 -0.126089,0.26459 -0.280198,0.26459 -0.154109,0 -0.206614,-0.11907 -0.116677,-0.26459 z m -1.550888,-2.24895 c 0.08376,-0.21829 0.199088,-0.39688 0.256279,-0.39688 0.05719,0 0.103984,0.17859 0.103984,0.39688 0,0.21828 -0.115325,0.39687 -0.256279,0.39687 -0.140954,0 -0.187747,-0.17859 -0.103984,-0.39687 z m 15.654111,-4.47099 c -0.828958,-0.5969 -1.513568,-1.16469 -1.521354,-1.26176 -0.0078,-0.0971 1.68248,-0.73967 3.756152,-1.42798 2.073671,-0.68832 3.91914,-1.30624 4.101041,-1.37317 0.181901,-0.0669 0.330729,0.0171 0.330729,0.18683 0,0.16968 -0.119062,0.23492 -0.264583,0.14498 -0.145521,-0.0899 -0.264583,-0.0445 -0.264583,0.10106 0,0.14553 0.09494,0.32326 0.210976,0.39498 0.175789,0.10864 0.222377,1.06876 0.08772,1.80791 -0.05179,0.2843 -2.117487,1.43242 -3.605993,2.00422 l -1.322916,0.50819 z m 3.822499,-0.32582 c 0.458602,-0.23716 0.997624,-0.59499 1.197829,-0.7952 0.308957,-0.30896 0.281935,-0.35148 -0.178681,-0.28119 -0.298482,0.0455 -0.625136,0.16526 -0.7259,0.26603 -0.100764,0.10076 -0.432379,0.18321 -0.736923,0.18321 -0.304543,0 -0.702429,0.23812 -0.884187,0.52916 -0.277376,0.44415 -0.264237,0.52917 0.08179,0.52917 0.22674,0 0.787474,-0.19403 1.246074,-0.43118 z m 4.242659,-3.14069 c 0.0021,-0.72761 0.05337,-0.99386 0.114187,-0.59168 0.06082,0.40218 0.05919,0.9975 -0.0036,1.32292 -0.0628,0.32542 -0.112559,-0.004 -0.110574,-0.73124 z m -24.397466,-3.24503 c -0.324223,-0.34709 -0.308448,-0.4487 0.118081,-0.76058 0.389932,-0.28513 0.535963,-0.29121 0.702288,-0.0293 0.532807,0.83911 -0.155391,1.50171 -0.820369,0.78985 z"
         id="path1259" /><path
         style="fill:#de9251;fill-opacity:1;stroke-width:0.264583"
         d="m 61.265956,174.3727 c -1.164166,-0.66054 -3.189565,-1.76266 -4.500887,-2.44917 -3.376115,-1.76746 -3.800031,-2.07542 -3.64947,-2.65116 0.07047,-0.2695 -0.0021,-0.73325 -0.161163,-1.03056 -0.236328,-0.44158 -0.192548,-0.60833 0.239115,-0.91068 0.290629,-0.20356 0.455139,-0.44339 0.36558,-0.53294 -0.170749,-0.17075 1.309629,-1.77408 1.638033,-1.77408 0.104293,0 0.324998,-0.18514 0.490458,-0.41142 0.328543,-0.44931 2.304867,-0.99526 2.528943,-0.69861 0.07643,0.10119 0.317309,0.22359 0.535273,0.27199 0.400209,0.0889 1.425675,0.87399 4.417277,3.38198 0.901216,0.75553 1.903888,1.55952 2.228159,1.78665 l 0.589584,0.41296 -0.567928,2.30052 c -0.499271,2.02239 -1.334148,3.58331 -1.883989,3.52238 -0.08378,-0.009 -1.104818,-0.55732 -2.268985,-1.21786 z m 17.108109,-8.29191 -1.148144,-1.03829 1.734955,-0.85554 c 0.954225,-0.47055 1.799839,-0.79066 1.87914,-0.71136 0.232402,0.2324 -0.752888,3.66624 -1.048557,3.65432 -0.14809,-0.006 -0.785918,-0.47808 -1.417394,-1.04913 z M 56.69715,156.02827 c 0.181758,-0.29104 0.579644,-0.52916 0.884187,-0.52916 0.304544,0 0.636159,-0.0824 0.736923,-0.18321 0.100764,-0.10077 0.427418,-0.22048 0.7259,-0.26603 0.460616,-0.0703 0.487638,-0.0278 0.178681,0.28119 -0.502536,0.50254 -1.944994,1.22638 -2.443903,1.22638 -0.346025,0 -0.359164,-0.085 -0.08179,-0.52917 z m 5.759431,-2.75912 c 0,-1.73986 0.006,-1.75425 0.595313,-1.44102 1.142772,0.60734 2.579687,1.62622 2.579687,1.82918 0,0.11251 -0.506015,0.38175 -1.124479,0.59831 -0.618463,0.21657 -1.332838,0.47863 -1.5875,0.58235 -0.413427,0.16838 -0.463021,2.6e-4 -0.463021,-1.56882 z M 36.100883,152.9616 c -0.362552,-1.44452 0.88988,-3.81457 1.738591,-3.29004 0.316921,0.19587 0.300688,0.39353 -0.10647,1.29645 -0.264221,0.58593 -0.416182,1.31091 -0.337693,1.61105 0.09474,0.36227 -0.02131,0.6335 -0.345199,0.80684 -0.692466,0.3706 -0.756957,0.34177 -0.949229,-0.4243 z"
         id="path1257" /></g></g></svg>
